-10 2.72010555444685
-9.90000000000000 2.28767946887661
-9.80000000000000 1.83239564625964
-9.70000000000000 1.35880313205471
-9.60000000000000 0.871633906114898
-9.50000000000000 0.375755602309047
-9.40000000000000 -0.123877127266789
-9.30000000000000 -0.622272117535309
-9.20000000000000 -1.11444957050124
-9.10000000000000 -1.59549181174676
-9 -2.06059242620878
-8.90000000000000 -2.50510428228942
-8.80000000000000 -2.92458596445881
-8.70000000000000 -3.31484615041092
-8.60000000000000 -3.67198548937057
-8.50000000000000 -3.99243556311745
-8.40000000000000 -4.27299454044140
-8.30000000000000 -4.51085916878147
-8.20000000000000 -4.70365278339887
-8.10000000000000 -4.84944905422543
-8 -4.94679123311691
-7.90000000000000 -4.99470670919886
-7.80000000000000 -4.99271672687303
-7.70000000000000 -4.94084116938500
-7.60000000000000 -4.83959836015743
-7.50000000000000 -4.68999988387369
-7.40000000000000 -4.49354047905814
-7.30000000000000 -4.25218310314282
-7.20000000000000 -3.96833931924576
-7.10000000000000 -3.64484520062938
-7 -3.28493299359395
-6.90000000000000 -2.89219882194100
-6.80000000000000 -2.47056675569304
-6.70000000000000 -2.02424960308299
-6.60000000000000 -1.55770681756689
-6.50000000000000 -1.07559994043908
-6.40000000000000 -0.582746024252468
-6.30000000000000 -0.0840695024217486
-6.20000000000000 0.415447014087486
-6.10000000000000 0.910812521360479
-6 1.39707749099463
-5.90000000000000 1.86938332415118
-5.80000000000000 2.32301089706879
-5.70000000000000 2.75342771298819
-5.60000000000000 3.15633318936161
-5.50000000000000 3.52770162785196
-5.40000000000000 3.86382243777994
-5.30000000000000 4.16133721111951
-5.20000000000000 4.41727327860077
-5.10000000000000 4.62907341163866
-5 4.79462137331569
-4.90000000000000 4.91226306312166
-4.80000000000000 4.98082304417920
-4.70000000000000 4.99961628782050
-4.60000000000000 4.96845501816732
-4.50000000000000 4.88765058832549
-4.40000000000000 4.75801036944758
-4.30000000000000 4.58082968374727
-4.20000000000000 4.35787886206794
-4.10000000000000 4.09138555532205
-4 3.78401247653964
-3.90000000000000 3.43883079591987
-3.80000000000000 3.05928945471359
-3.70000000000000 2.64918070454246
-3.60000000000000 2.21260221647426
-3.50000000000000 1.75391613844810
-3.40000000000000 1.27770551013415
-3.30000000000000 0.788728470716241
-3.20000000000000 0.291870717137896
-3.10000000000000 -0.207903312166455
-3 -0.705600040299336
-2.90000000000000 -1.19624664606991
-2.80000000000000 -1.67494075077953
-2.70000000000000 -2.13689940116915
-2.60000000000000 -2.57750685910732
-2.50000000000000 -2.99236072051978
-2.40000000000000 -3.37731590275576
-2.30000000000000 -3.72852606088360
-2.20000000000000 -4.04248201909795
-2.10000000000000 -4.31604683324437
-2 -4.54648713412841
-1.90000000000000 -4.73150043843707
-1.80000000000000 -4.86923815439098
-1.70000000000000 -4.95832405226234
-1.60000000000000 -4.99786801520753
-1.50000000000000 -4.98747493302027
-1.40000000000000 -4.92724864994230
-1.30000000000000 -4.81779092708596
-1.20000000000000 -4.66019542983613
-1.10000000000000 -4.45603680030718
-1 -4.20735492403948
-0.900000000000000 -3.91663454813742
-0.799999999999999 -3.58678045449761
-0.699999999999999 -3.22108843618845
-0.600000000000000 -2.82321236697518
-0.500000000000000 -2.39712769302102
-0.399999999999999 -1.94709171154325
-0.299999999999999 -1.47760103330669
-0.199999999999999 -0.993346653975303
-0.0999999999999996 -0.499167083234139
0 0
0.0999999999999996 0.499167083234139
0.199999999999999 0.993346653975303
0.299999999999999 1.47760103330669
0.399999999999999 1.94709171154325
0.500000000000000 2.39712769302102
0.600000000000000 2.82321236697518
0.699999999999999 3.22108843618845
0.799999999999999 3.58678045449761
0.900000000000000 3.91663454813742
1 4.20735492403948
1.10000000000000 4.45603680030718
1.20000000000000 4.66019542983613
1.30000000000000 4.81779092708596
1.40000000000000 4.92724864994230
1.50000000000000 4.98747493302027
1.60000000000000 4.99786801520753
1.70000000000000 4.95832405226234
1.80000000000000 4.86923815439098
1.90000000000000 4.73150043843707
2 4.54648713412841
2.10000000000000 4.31604683324437
2.20000000000000 4.04248201909795
2.30000000000000 3.72852606088360
2.40000000000000 3.37731590275576
2.50000000000000 2.99236072051978
2.60000000000000 2.57750685910732
2.70000000000000 2.13689940116915
2.80000000000000 1.67494075077953
2.90000000000000 1.19624664606991
3 0.705600040299336
3.10000000000000 0.207903312166455
3.20000000000000 -0.291870717137896
3.30000000000000 -0.788728470716241
3.40000000000000 -1.27770551013415
3.50000000000000 -1.75391613844810
3.60000000000000 -2.21260221647426
3.70000000000000 -2.64918070454246
3.80000000000000 -3.05928945471359
3.90000000000000 -3.43883079591987
4 -3.78401247653964
4.10000000000000 -4.09138555532205
4.20000000000000 -4.35787886206794
4.30000000000000 -4.58082968374727
4.40000000000000 -4.75801036944758
4.50000000000000 -4.88765058832549
4.60000000000000 -4.96845501816732
4.70000000000000 -4.99961628782050
4.80000000000000 -4.98082304417920
4.90000000000000 -4.91226306312166
5 -4.79462137331569
5.10000000000000 -4.62907341163866
5.20000000000000 -4.41727327860077
5.30000000000000 -4.16133721111951
5.40000000000000 -3.86382243777994
5.50000000000000 -3.52770162785196
5.60000000000000 -3.15633318936161
5.70000000000000 -2.75342771298819
5.80000000000000 -2.32301089706879
5.90000000000000 -1.86938332415118
6 -1.39707749099463
6.10000000000000 -0.910812521360479
6.20000000000000 -0.415447014087486
6.30000000000000 0.0840695024217486
6.40000000000000 0.582746024252468
6.50000000000000 1.07559994043908
6.60000000000000 1.55770681756689
6.70000000000000 2.02424960308299
6.80000000000000 2.47056675569304
6.90000000000000 2.89219882194100
7 3.28493299359395
7.10000000000000 3.64484520062938
7.20000000000000 3.96833931924576
7.30000000000000 4.25218310314282
7.40000000000000 4.49354047905814
7.50000000000000 4.68999988387369
7.60000000000000 4.83959836015743
7.70000000000000 4.94084116938500
7.80000000000000 4.99271672687303
7.90000000000000 4.99470670919886
8 4.94679123311691
8.10000000000000 4.84944905422543
8.20000000000000 4.70365278339887
8.30000000000000 4.51085916878147
8.40000000000000 4.27299454044140
8.50000000000000 3.99243556311745
8.60000000000000 3.67198548937057
8.70000000000000 3.31484615041092
8.80000000000000 2.92458596445881
8.90000000000000 2.50510428228942
9 2.06059242620878
9.10000000000000 1.59549181174676
9.20000000000000 1.11444957050124
9.30000000000000 0.622272117535309
9.40000000000000 0.123877127266789
9.50000000000000 -0.375755602309047
9.60000000000000 -0.871633906114898
9.70000000000000 -1.35880313205471
9.80000000000000 -1.83239564625964
9.90000000000000 -2.28767946887661
10 -2.72010555444685