-10 0.544021110889370
-9.90000000000000 0.457535893775321
-9.80000000000000 0.366479129251928
-9.70000000000000 0.271760626410942
-9.60000000000000 0.174326781222980
-9.50000000000000 0.0751511204618093
-9.40000000000000 -0.0247754254533578
-9.30000000000000 -0.124454423507062
-9.20000000000000 -0.222889914100248
-9.10000000000000 -0.319098362349352
-9 -0.412118485241757
-8.90000000000000 -0.501020856457885
-8.80000000000000 -0.584917192891762
-8.70000000000000 -0.662969230082183
-8.60000000000000 -0.734397097874113
-8.50000000000000 -0.798487112623490
-8.40000000000000 -0.854598908088281
-8.30000000000000 -0.902171833756293
-8.20000000000000 -0.940730556679773
-8.10000000000000 -0.969889810845086
-8 -0.989358246623382
-7.90000000000000 -0.998941341839772
-7.80000000000000 -0.998543345374605
-7.70000000000000 -0.988168233877000
-7.60000000000000 -0.967919672031486
-7.50000000000000 -0.937999976774739
-7.40000000000000 -0.898708095811627
-7.30000000000000 -0.850436620628564
-7.20000000000000 -0.793667863849153
-7.10000000000000 -0.728969040125876
-7 -0.656986598718789
-6.90000000000000 -0.578439764388200
-6.80000000000000 -0.494113351138608
-6.70000000000000 -0.404849920616598
-6.60000000000000 -0.311541363513378
-6.50000000000000 -0.215119988087816
-6.40000000000000 -0.116549204850494
-6.30000000000000 -0.0168139004843497
-6.20000000000000 0.0830894028174973
-6.10000000000000 0.182162504272096
-6 0.279415498198926
-5.90000000000000 0.373876664830237
-5.80000000000000 0.464602179413757
-5.70000000000000 0.550685542597638
-5.60000000000000 0.631266637872322
-5.50000000000000 0.705540325570392
-5.40000000000000 0.772764487555988
-5.30000000000000 0.832267442223901
-5.20000000000000 0.883454655720154
-5.10000000000000 0.925814682327733
-5 0.958924274663139
-4.90000000000000 0.982452612624333
-4.80000000000000 0.996164608835841
-4.70000000000000 0.999923257564101
-4.60000000000000 0.993691003633464
-4.50000000000000 0.977530117665097
-4.40000000000000 0.951602073889516
-4.30000000000000 0.916165936749455
-4.20000000000000 0.871575772413588
-4.10000000000000 0.818277111064410
-4 0.756802495307928
-3.90000000000000 0.687766159183973
-3.80000000000000 0.611857890942719
-3.70000000000000 0.529836140908493
-3.60000000000000 0.442520443294852
-3.50000000000000 0.350783227689620
-3.40000000000000 0.255541102026831
-3.30000000000000 0.157745694143248
-3.20000000000000 0.0583741434275792
-3.10000000000000 -0.0415806624332909
-3 -0.141120008059867
-2.90000000000000 -0.239249329213983
-2.80000000000000 -0.334988150155905
-2.70000000000000 -0.427379880233831
-2.60000000000000 -0.515501371821465
-2.50000000000000 -0.598472144103956
-2.40000000000000 -0.675463180551151
-2.30000000000000 -0.745705212176720
-2.20000000000000 -0.808496403819591
-2.10000000000000 -0.863209366648874
-2 -0.909297426825682
-1.90000000000000 -0.946300087687414
-1.80000000000000 -0.973847630878196
-1.70000000000000 -0.991664810452469
-1.60000000000000 -0.999573603041505
-1.50000000000000 -0.997494986604054
-1.40000000000000 -0.985449729988460
-1.30000000000000 -0.963558185417193
-1.20000000000000 -0.932039085967226
-1.10000000000000 -0.891207360061435
-1 -0.841470984807897
-0.900000000000000 -0.783326909627484
-0.799999999999999 -0.717356090899522
-0.699999999999999 -0.644217687237691
-0.600000000000000 -0.564642473395035
-0.500000000000000 -0.479425538604203
-0.399999999999999 -0.389418342308649
-0.299999999999999 -0.295520206661339
-0.199999999999999 -0.198669330795061
-0.0999999999999996 -0.0998334166468278
0 0
0.0999999999999996 0.0998334166468278
0.199999999999999 0.198669330795061
0.299999999999999 0.295520206661339
0.399999999999999 0.389418342308649
0.500000000000000 0.479425538604203
0.600000000000000 0.564642473395035
0.699999999999999 0.644217687237691
0.799999999999999 0.717356090899522
0.900000000000000 0.783326909627484
1 0.841470984807897
1.10000000000000 0.891207360061435
1.20000000000000 0.932039085967226
1.30000000000000 0.963558185417193
1.40000000000000 0.985449729988460
1.50000000000000 0.997494986604054
1.60000000000000 0.999573603041505
1.70000000000000 0.991664810452469
1.80000000000000 0.973847630878196
1.90000000000000 0.946300087687414
2 0.909297426825682
2.10000000000000 0.863209366648874
2.20000000000000 0.808496403819591
2.30000000000000 0.745705212176720
2.40000000000000 0.675463180551151
2.50000000000000 0.598472144103956
2.60000000000000 0.515501371821465
2.70000000000000 0.427379880233831
2.80000000000000 0.334988150155905
2.90000000000000 0.239249329213983
3 0.141120008059867
3.10000000000000 0.0415806624332909
3.20000000000000 -0.0583741434275792
3.30000000000000 -0.157745694143248
3.40000000000000 -0.255541102026831
3.50000000000000 -0.350783227689620
3.60000000000000 -0.442520443294852
3.70000000000000 -0.529836140908493
3.80000000000000 -0.611857890942719
3.90000000000000 -0.687766159183973
4 -0.756802495307928
4.10000000000000 -0.818277111064410
4.20000000000000 -0.871575772413588
4.30000000000000 -0.916165936749455
4.40000000000000 -0.951602073889516
4.50000000000000 -0.977530117665097
4.60000000000000 -0.993691003633464
4.70000000000000 -0.999923257564101
4.80000000000000 -0.996164608835841
4.90000000000000 -0.982452612624333
5 -0.958924274663139
5.10000000000000 -0.925814682327733
5.20000000000000 -0.883454655720154
5.30000000000000 -0.832267442223901
5.40000000000000 -0.772764487555988
5.50000000000000 -0.705540325570392
5.60000000000000 -0.631266637872322
5.70000000000000 -0.550685542597638
5.80000000000000 -0.464602179413757
5.90000000000000 -0.373876664830237
6 -0.279415498198926
6.10000000000000 -0.182162504272096
6.20000000000000 -0.0830894028174973
6.30000000000000 0.0168139004843497
6.40000000000000 0.116549204850494
6.50000000000000 0.215119988087816
6.60000000000000 0.311541363513378
6.70000000000000 0.404849920616598
6.80000000000000 0.494113351138608
6.90000000000000 0.578439764388200
7 0.656986598718789
7.10000000000000 0.728969040125876
7.20000000000000 0.793667863849153
7.30000000000000 0.850436620628564
7.40000000000000 0.898708095811627
7.50000000000000 0.937999976774739
7.60000000000000 0.967919672031486
7.70000000000000 0.988168233877000
7.80000000000000 0.998543345374605
7.90000000000000 0.998941341839772
8 0.989358246623382
8.10000000000000 0.969889810845086
8.20000000000000 0.940730556679773
8.30000000000000 0.902171833756293
8.40000000000000 0.854598908088281
8.50000000000000 0.798487112623490
8.60000000000000 0.734397097874113
8.70000000000000 0.662969230082183
8.80000000000000 0.584917192891762
8.90000000000000 0.501020856457885
9 0.412118485241757
9.10000000000000 0.319098362349352
9.20000000000000 0.222889914100248
9.30000000000000 0.124454423507062
9.40000000000000 0.0247754254533578
9.50000000000000 -0.0751511204618093
9.60000000000000 -0.174326781222980
9.70000000000000 -0.271760626410942
9.80000000000000 -0.366479129251928
9.90000000000000 -0.457535893775321
10 -0.544021110889370